Epoch	AverageEpRet	StdEpRet	MaxEpRet	MinEpRet	AverageEpCost	StdEpCost	MaxEpCost	MinEpCost	EpLen	CumulativeCost	CostRate	AverageVVals	StdVVals	MaxVVals	MinVVals	AverageCostVVals	StdCostVVals	MaxCostVVals	MinCostVVals	LossPi	DeltaLossPi	SurrCost	DeltaSurrCost	LossV	DeltaLossV	LossVC	DeltaLossVC	Penalty	DeltaPenalty	StopIter	Entropy	KL	TotalEnvInteracts	Time
0	-0.076793954	0.2847473	0.28390616	-0.4112266	0.0	0.0	0.0	0.0	1000.0	0.0	0.0	0.13208622	0.27637058	1.4208876	-0.9168918	0.9683271	0.42801717	1.9803277	-0.81341094	-1.8626451e-08	-0.0045121433	6.9849193e-09	-0.0004454255	0.11288861	-0.0990348	0.979446	-0.927904	0	0	1.0	1.837877	0.0031489679	4000	5.439110994338989
1	-0.13115254	0.062178157	-0.027870178	-0.19169587	0.0	0.0	0.0	0.0	1000.0	0.0	0.0	-0.012535385	0.073695146	0.3850907	-0.3307348	0.119335756	0.13239402	0.764385	-0.51157796	1.4901161e-08	-0.032371856	-3.0267984e-09	0.000239201	0.010349236	-0.0048432364	0.030544132	-0.02642543	0	0	79.0	1.8366817	0.010421082	8000	9.8748779296875
2	-0.1788035	0.13901132	0.041299455	-0.3270647	0.0	0.0	0.0	0.0	1000.0	0.0	0.0	-0.014444597	0.049973067	0.18693566	-0.30098787	0.009264873	0.062375717	0.39596954	-0.29434532	-5.5879354e-09	-0.034853235	-2.6193447e-10	-0.00010368837	0.0057861563	-0.0019740453	0.0040641534	-0.0017941203	0	0	79.0	1.8502309	0.01003962	12000	14.179581880569458
3	-0.27414498	0.45391408	0.3812766	-0.8667469	0.0	0.0	0.0	0.0	1000.0	0.0	0.0	-0.012197586	0.04340441	0.2051492	-0.20472622	-0.0023520694	0.051162157	0.25969264	-0.3270728	-2.0489097e-08	-0.03510195	-2.3646862e-10	-2.858624e-05	0.007752152	-0.0025982044	0.0026621916	-0.0010371914	0	0	79.0	1.8257694	0.010728093	16000	18.45233988761902
4	0.104124874	0.1286439	0.2255507	-0.096170366	0.0	0.0	0.0	0.0	1000.0	0.0	0.0	-0.014994489	0.055818975	0.30959168	-0.1942944	0.00030481463	0.045357876	0.22567514	-0.32272688	6.519258e-09	-0.039632358	-4.3655746e-11	-7.825761e-05	0.009637552	-0.0039594043	0.0020869402	-0.0007264025	0	0	71.0	1.7900968	0.012258664	20000	22.18144702911377
5	0.65885514	0.43253574	1.3704828	0.20776883	0.0	0.0	0.0	0.0	1000.0	0.0	0.0	0.0011240146	0.061042298	0.23938076	-0.26246312	-0.0040406743	0.039364018	0.20006676	-0.20461519	0.0	-0.03488721	-1.1641532e-10	7.5074175e-05	0.022692509	-0.010028321	0.001612734	-0.0005897785	0	0	79.0	1.7640313	0.011484199	24000	26.28945279121399
6	0.6781287	1.1482713	1.845197	-0.5142567	0.0	0.0	0.0	0.0	1000.0	0.0	0.0	0.069351904	0.053801373	0.31407955	-0.16018137	0.0029416033	0.03367926	0.25596488	-0.2062936	-3.7252903e-08	-0.031601526	8.731149e-11	-4.391998e-05	0.053100355	-0.03315314	0.0012288422	-0.00036766368	0	0	60.0	1.7363399	0.011883568	28000	29.982465028762817
7	1.2848461	0.49977118	1.6682426	0.42783564	0.0	0.0	0.0	0.0	1000.0	0.0	0.0	0.109548174	0.16274749	0.81016845	-0.25742596	0.0017532108	0.0323575	0.17159078	-0.21346858	-7.450581e-09	-0.028423462	2.0372681e-10	-3.6085406e-05	0.07927227	-0.04790256	0.001053536	-0.00034253843	0	0	35.0	1.693428	0.012184708	32000	33.571518898010254
8	1.0961124	0.8635922	1.7817173	-0.38117078	0.0	0.0	0.0	0.0	1000.0	0.0	0.0	0.11233191	0.10888645	0.6577208	-0.36136684	0.0005005945	0.02729793	0.127713	-0.15195662	2.6077032e-08	-0.034563407	3.4924597e-10	3.7021906e-05	0.0580658	-0.03595022	0.000766761	-0.0002232245	0	0	51.0	1.6778469	0.0121038	36000	37.46089196205139
9	0.9601899	0.76979685	1.7567968	0.09877105	0.0	0.0	0.0	0.0	1000.0	0.0	0.0	0.13092443	0.15683226	0.85397536	-0.38003674	-0.0003386122	0.02564678	0.113226905	-0.107166424	-2.2351742e-08	-0.0323314	-3.6379788e-11	-0.00012173441	0.051211298	-0.029718343	0.0006690777	-0.00020415816	0	0	50.0	1.6397452	0.0122045325	40000	41.37925577163696
10	3.3836374	1.570752	5.939864	2.062577	0.0	0.0	0.0	0.0	1000.0	0.0	0.0	0.16125293	0.12844609	0.6269294	-0.20053707	6.483054e-05	0.024669884	0.12632942	-0.12851873	7.450581e-09	-0.034033194	-9.822543e-11	-1.5368641e-05	0.120533526	-0.066340104	0.00061942724	-0.0001792949	0	0	52.0	1.6404388	0.012098366	44000	44.936712980270386
11	1.8853744	0.15948656	2.076677	1.6845807	0.0	0.0	0.0	0.0	1000.0	0.0	0.0	0.33118632	0.19826524	1.1722492	-0.13516892	-0.0011803774	0.02230584	0.1454184	-0.14482087	2.2351742e-08	-0.035263024	-2.4738256e-10	-4.9878203e-05	0.082399175	-0.05252755	0.0005314469	-0.0001460667	0	0	53.0	1.6241035	0.012323029	48000	48.65959405899048
12	1.502905	1.2450484	3.4187589	0.31238016	0.0	0.0	0.0	0.0	1000.0	0.0	0.0	0.12376758	0.2089719	0.9141057	-0.4055319	0.002748892	0.020648466	0.13225175	-0.091083914	-3.7252903e-09	-0.039754793	-1.1641532e-10	4.255416e-05	0.046754465	-0.029147988	0.00045446696	-0.00011688971	0	0	77.0	1.6192894	0.011595055	52000	53.13493299484253
13	1.3864108	1.0747234	2.95504	0.16206117	0.0	0.0	0.0	0.0	1000.0	0.0	0.0	0.14773911	0.16776446	0.83712125	-0.3227151	-0.0016613147	0.020489091	0.13719998	-0.10060953	9.313226e-09	-0.03261053	2.910383e-10	2.996676e-07	0.0406996	-0.022315132	0.00042499608	-0.000109181055	0	0	53.0	1.5998899	0.011975901	56000	57.5650839805603
14	2.7113152	0.94315445	3.957172	1.7275965	0.0	0.0	0.0	0.0	1000.0	0.0	0.0	0.24521121	0.14217053	0.7610417	-0.24196197	-0.0013807548	0.02000584	0.085940704	-0.11195856	-2.9802322e-08	-0.027743103	2.910383e-11	-3.3873188e-05	0.07176037	-0.03843513	0.00040434595	-9.858806e-05	0	0	27.0	1.5778053	0.0118295485	60000	61.241929054260254
15	3.096095	0.75929815	3.9379666	1.86334	0.0	0.0	0.0	0.0	1000.0	0.0	0.0	0.24942182	0.20637211	1.2327063	-0.21845056	-0.0005921825	0.018903153	0.12519306	-0.12881903	1.3038516e-08	-0.027950142	-8.731149e-11	1.8830826e-05	0.085930616	-0.04956248	0.00038041337	-0.00010693501	0	0	31.0	1.5631156	0.01168558	64000	64.77547979354858
16	2.6528225	0.65480006	3.4107363	1.6973953	0.0	0.0	0.0	0.0	1000.0	0.0	0.0	0.2901043	0.18817984	1.0927134	-0.20088181	-0.00010230991	0.01766	0.17288212	-0.10460364	-2.6077032e-08	-0.037765104	3.0559022e-10	-3.9546412e-05	0.059294082	-0.032966793	0.00033161792	-8.223625e-05	0	0	58.0	1.549079	0.012014613	68000	68.507071018219
17	3.9653006	0.75898576	5.2336164	3.217722	0.0	0.0	0.0	0.0	1000.0	0.0	0.0	0.33087483	0.19516599	1.007755	-0.26480407	0.00012941122	0.0169443	0.1038805	-0.14173381	1.7695129e-08	-0.037712123	-1.4188117e-10	1.3725759e-05	0.09043285	-0.055484407	0.00029720654	-7.985217e-05	0	0	52.0	1.5163987	0.012060909	72000	72.0520248413086
18	3.5817952	1.3283956	4.9627347	1.6288309	0.0	0.0	0.0	0.0	1000.0	0.0	0.0	0.43225774	0.22025718	1.3917836	-0.19327852	0.0010100857	0.016893385	0.10683151	-0.11043381	-7.450581e-09	-0.022901712	1.09139364e-10	-6.1071187e-06	0.095615745	-0.05794431	0.00029441592	-8.180618e-05	0	0	16.0	1.4896514	0.012054938	76000	75.5084547996521
19	3.1123064	1.0766026	4.672722	2.110382	0.0	0.0	0.0	0.0	1000.0	0.0	0.0	0.31523332	0.25108042	1.1514884	-0.4649468	0.00063366257	0.015043401	0.09797323	-0.08879642	-1.4901161e-08	-0.0069678603	5.4569682e-11	-8.113466e-05	0.08704517	-0.05875516	0.00024240416	-5.8646387e-05	0	0	3.0	1.4810886	0.010673768	80000	78.75269794464111
20	3.9010189	0.52878726	4.7551594	3.4153612	0.0	0.0	0.0	0.0	1000.0	0.0	0.0	0.3499563	0.24978627	1.3501694	-0.20442335	-0.0004261649	0.0147500625	0.1290859	-0.10108402	-7.450581e-09	-0.036960185	-4.3655746e-11	-5.786323e-05	0.04701785	-0.028766531	0.00022345077	-5.9488415e-05	0	0	56.0	1.4786633	0.012075091	84000	82.4400589466095
21	4.6092806	0.59614253	5.0431066	3.5910358	0.0	0.0	0.0	0.0	1000.0	0.0	0.0	0.4295129	0.27100655	1.3323305	-0.43590146	0.0001552408	0.014988507	0.09092877	-0.09590762	1.6763806e-08	-0.035476297	-2.0372681e-10	5.2368687e-06	0.10342292	-0.0694693	0.0002407199	-6.617444e-05	0	0	41.0	1.4592857	0.012137942	88000	86.13448715209961
22	5.635067	1.1231071	6.988207	3.9879837	0.0	0.0	0.0	0.0	1000.0	0.0	0.0	0.51371986	0.34943017	1.5280275	-0.4575023	0.001032539	0.014875166	0.087654166	-0.17210382	-1.3038516e-08	-0.041180853	-3.0559022e-10	-1.2825247e-05	0.11395747	-0.07925404	0.00023177233	-7.2760085e-05	0	0	55.0	1.4352379	0.012058996	92000	89.91976881027222
23	5.4496417	0.71098787	6.6037188	4.6676803	0.0	0.0	0.0	0.0	1000.0	0.0	0.0	0.5942363	0.25183424	1.325099	-0.1638011	-0.00022490461	0.013274891	0.08545399	-0.12910226	7.450581e-09	-0.040184837	-4.274625e-11	-8.96712e-06	0.0850976	-0.056615256	0.00018177104	-4.5714944e-05	0	0	56.0	1.4209292	0.012368566	96000	93.61386179924011
24	4.9753156	0.83479565	6.0113344	3.7907495	0.0	0.0	0.0	0.0	1000.0	0.0	0.0	0.50573695	0.3017032	1.679111	-0.24683084	-0.00051101204	0.01260776	0.06649809	-0.08170619	1.4901161e-08	-0.034158327	-1.4551915e-11	-5.0741735e-05	0.110568754	-0.07211594	0.00015990747	-3.8118247e-05	0	0	36.0	1.4078202	0.012279971	100000	97.25766086578369
25	5.762186	1.1011766	6.975063	4.221335	0.0	0.0	0.0	0.0	1000.0	0.0	0.0	0.5244327	0.30972192	1.580162	-0.5737444	-0.00035005057	0.012949837	0.065566316	-0.103689715	-1.4901161e-08	-0.041346774	-1.6734703e-10	2.1050686e-05	0.069387674	-0.04457538	0.00017196767	-4.6521312e-05	0	0	51.0	1.3870928	0.012363579	104000	101.10540914535522
26	5.353574	1.5194391	7.755811	3.5449436	0.0	0.0	0.0	0.0	1000.0	0.0	0.0	0.5916491	0.3244774	1.6791978	-0.3333126	0.00022110148	0.012013202	0.064171925	-0.09047353	-1.1175871e-08	-0.0359732	1.0186341e-10	3.4963952e-05	0.09085207	-0.051449865	0.00014823355	-3.8278984e-05	0	0	33.0	1.3487241	0.012445787	108000	104.8021879196167
27	8.183233	1.1495531	9.869867	6.639102	0.0	0.0	0.0	0.0	1000.0	0.0	0.0	0.6236401	0.29577672	1.8296319	-0.090825945	0.00070758676	0.011605573	0.1117372	-0.06649896	7.450581e-09	-0.027587965	8.731149e-11	3.4403805e-05	0.1679988	-0.11284263	0.00013759942	-3.408561e-05	0	0	19.0	1.3199961	0.012442818	112000	108.08554601669312
28	8.327725	2.1275978	11.986721	6.7554145	0.0	0.0	0.0	0.0	1000.0	0.0	0.0	0.8074847	0.3843245	1.9823316	-0.22612746	-4.985128e-05	0.011632095	0.10464579	-0.10946716	-7.450581e-09	-0.039681956	7.2759576e-11	-3.6684323e-05	0.13148254	-0.080178976	0.00013604056	-3.8324964e-05	0	0	53.0	1.3054206	0.01227652	116000	111.89303779602051
29	7.2285385	1.351695	8.50784	4.9868617	0.0	0.0	0.0	0.0	1000.0	0.0	0.0	0.865627	0.4064746	2.0651128	-0.11523189	0.000807799	0.010925336	0.06104181	-0.071580656	-3.7252903e-09	-0.025653578	-2.2555469e-10	2.3331571e-05	0.108313754	-0.07882568	0.0001199843	-3.3066186e-05	0	0	19.0	1.28056	0.013455138	120000	115.44754004478455
30	8.271974	0.7933665	9.489859	7.3010054	0.0	0.0	0.0	0.0	1000.0	0.0	0.0	0.7442124	0.36541045	1.8757949	-0.36900774	0.0004200706	0.010019891	0.097664595	-0.046941753	1.4901161e-08	-0.022858566	-7.275958e-12	-5.4891734e-06	0.12630779	-0.08516606	0.00010312877	-2.641572e-05	0	0	14.0	1.274173	0.011597101	124000	118.92864108085632
31	9.77014	1.3202902	11.722286	7.997089	0.0	0.0	0.0	0.0	1000.0	0.0	0.0	0.92926794	0.32186148	1.887951	0.112784855	-0.0002837062	0.010522813	0.054847497	-0.060841616	-7.450581e-09	-0.013496367	1.05501385e-10	-2.8894621e-05	0.1725862	-0.119960114	0.00011311444	-3.079594e-05	0	0	8.0	1.2709839	0.013334689	128000	122.31423282623291
32	10.067349	0.8127718	11.070817	8.86588	0.0	0.0	0.0	0.0	1000.0	0.0	0.0	1.0514526	0.32639608	2.014502	0.24960999	0.00052542856	0.010205168	0.06657269	-0.10418038	-3.7252903e-09	-0.024528703	2.1827873e-11	-3.8404076e-05	0.09499158	-0.052355096	0.00011115153	-3.1184536e-05	0	0	20.0	1.2708035	0.01348494	132000	125.75643992424011
33	10.128679	1.9467804	12.9827585	8.240757	0.0	0.0	0.0	0.0	1000.0	0.0	0.0	0.9492619	0.3986721	2.100505	-0.46427104	0.00041739113	0.009633101	0.071125075	-0.057040464	7.450581e-09	-0.040655736	-3.6379788e-11	2.4352648e-05	0.13603467	-0.08646178	9.329586e-05	-2.5494943e-05	0	0	41.0	1.2716255	0.012314345	136000	129.52205896377563
34	9.742224	0.8292244	10.70543	8.841638	0.0	0.0	0.0	0.0	1000.0	0.0	0.0	1.0314561	0.393156	2.075193	0.08961281	0.00032345636	0.009439586	0.09197003	-0.051134896	-7.450581e-09	-0.038725346	6.548362e-11	1.9428333e-05	0.09880689	-0.054110948	9.0388974e-05	-2.4579664e-05	0	0	36.0	1.2466508	0.011975808	140000	133.61254501342773
35	10.28775	0.8373051	11.231298	8.941158	0.0	0.0	0.0	0.0	1000.0	0.0	0.0	1.0569779	0.3585701	2.2288742	0.16320704	0.0003622396	0.009659925	0.09130716	-0.070844725	-7.450581e-09	-0.011315485	4.5474735e-11	-2.1530308e-05	0.11123255	-0.06670327	9.49955e-05	-2.6448652e-05	0	0	5.0	1.2071385	0.01233417	144000	137.25823497772217
36	9.698524	0.8236845	10.521863	8.741376	0.0	0.0	0.0	0.0	1000.0	0.0	0.0	1.0374507	0.3606344	2.0840178	-0.0008340925	-0.0006805675	0.0092677595	0.06371524	-0.09363604	1.4901161e-08	-0.024214152	1.0186341e-10	2.46523e-05	0.102019444	-0.066888586	9.118192e-05	-2.8984077e-05	0	0	16.0	1.2028252	0.0121253105	148000	141.16037678718567
37	8.6033535	1.8905139	11.632576	6.9582696	0.0	0.0	0.0	0.0	1000.0	0.0	0.0	0.8859071	0.41941527	2.1036859	-0.1531465	0.0009174026	0.0083443625	0.059219528	-0.041723486	-3.7252903e-09	-0.026222836	-1.2187229e-10	2.4540968e-05	0.12789503	-0.08003014	8.065615e-05	-2.1830572e-05	0	0	20.0	1.2011063	0.012421906	152000	144.82799696922302
38	11.098364	0.6763368	11.942429	10.161371	0.0	0.0	0.0	0.0	1000.0	0.0	0.0	1.0296185	0.38247874	2.0674272	0.046966862	-0.00044589455	0.00817877	0.09155296	-0.06362963	1.1175871e-08	-0.041475613	1.1641532e-10	-1.0831616e-05	0.12597546	-0.09090027	6.798419e-05	-1.9734358e-05	0	0	53.0	1.1920002	0.0120913405	156000	148.78612303733826
39	12.02166	1.6619321	14.151926	9.6484165	0.0	0.0	0.0	0.0	1000.0	0.0	0.0	1.1084523	0.36834866	2.13413	-0.07935083	0.00022409434	0.0089475345	0.074647576	-0.12633443	1.4901161e-08	-0.035899766	-1.4551915e-11	3.7974132e-06	0.1423466	-0.09414355	8.158326e-05	-2.7798296e-05	0	0	28.0	1.181582	0.01204549	160000	152.41347312927246
40	11.936171	1.6252011	13.2516985	9.153424	0.0	0.0	0.0	0.0	1000.0	0.0	0.0	1.1683186	0.34936273	2.2585063	0.17455898	-0.0003479583	0.007918818	0.04466177	-0.064935476	1.8626451e-08	-0.03711076	-1.1641532e-10	-2.8687264e-06	0.16893873	-0.11347774	6.565909e-05	-1.857971e-05	0	0	36.0	1.1687235	0.012459269	164000	156.2468228340149
41	13.107243	1.9008605	15.937775	10.703385	0.0	0.0	0.0	0.0	1000.0	0.0	0.0	1.2584268	0.42068285	2.2922108	-0.20522699	-0.00014936287	0.008154838	0.10013038	-0.07742128	0.0	-0.03734065	1.4233592e-10	-3.4472396e-05	0.09380993	-0.057531737	6.9285554e-05	-2.4838899e-05	0	0	41.0	1.1470907	0.012236626	168000	160.05151891708374
42	13.341148	0.50460976	14.098024	12.839175	0.0	0.0	0.0	0.0	1000.0	0.0	0.0	1.3240681	0.37406585	2.3167613	0.27927923	0.00059744006	0.0075226086	0.049399592	-0.053929694	-5.5879354e-09	-0.02830312	8.367351e-11	4.4750564e-06	0.14065632	-0.090809755	5.9026086e-05	-1.8585042e-05	0	0	25.0	1.1250243	0.012005448	172000	163.62780380249023
43	12.650672	1.5170487	14.438555	10.456133	0.0	0.0	0.0	0.0	1000.0	0.0	0.0	1.2880872	0.3979803	2.6575067	0.12238753	0.00093079195	0.0070570763	0.06606795	-0.034440555	0.0	-0.02580148	7.275958e-12	-3.558711e-06	0.14973311	-0.1057401	5.336605e-05	-1.6936874e-05	0	0	20.0	1.1061087	0.011547487	176000	167.21009588241577
44	14.03013	2.6368215	17.259619	10.00689	0.0	0.0	0.0	0.0	1000.0	0.0	0.0	1.3319209	0.40037236	2.399444	0.021684047	0.00047676955	0.0067904587	0.049742028	-0.053538933	-2.6077032e-08	-0.037476487	4.7293724e-11	-3.0437186e-06	0.13670494	-0.08149876	4.7916263e-05	-1.3178646e-05	0	0	38.0	1.1015213	0.012065228	180000	171.0771200656891
45	14.532869	1.2428846	16.108309	12.754403	0.0	0.0	0.0	0.0	1000.0	0.0	0.0	1.3941597	0.4121369	2.3974764	0.1882808	0.00082379516	0.007566236	0.041088466	-0.06829828	-1.8626451e-08	-0.03699949	-8.367351e-11	1.4010506e-05	0.23284167	-0.17191118	5.9177943e-05	-2.2413285e-05	0	0	41.0	1.0916222	0.012496264	184000	175.00162482261658
46	15.885988	1.8081713	17.4907	12.81808	0.0	0.0	0.0	0.0	1000.0	0.0	0.0	1.5604624	0.43614453	2.7164516	0.54295915	0.00030900113	0.007238908	0.08921038	-0.044354804	-7.450581e-09	-0.042891875	-2.6375346e-11	-7.3909505e-06	0.18386583	-0.11930286	5.3137264e-05	-1.9687384e-05	0	0	53.0	1.0712748	0.011952508	188000	178.910630941391
47	13.566398	1.6187345	15.46197	11.707032	0.0	0.0	0.0	0.0	1000.0	0.0	0.0	1.5640521	0.4907266	2.7719946	0.11879325	-0.00030006544	0.006931503	0.043934353	-0.05595865	7.450581e-09	-0.041177668	-4.7293724e-11	1.0636722e-06	0.18574369	-0.12970306	4.8232556e-05	-1.6009963e-05	0	0	44.0	1.0397959	0.012291264	192000	182.89964294433594
48	15.009796	0.80063236	16.382498	14.454406	0.0	0.0	0.0	0.0	1000.0	0.0	0.0	1.514708	0.36679596	2.6778934	0.37858847	-0.0006320943	0.006687738	0.05315335	-0.04961206	2.7939677e-08	-0.04125326	-7.6397555e-11	3.6988176e-06	0.17408961	-0.10149312	4.545961e-05	-1.1323716e-05	0	0	40.0	1.015864	0.012265716	196000	186.75577402114868
49	14.492985	0.91020924	15.5126705	13.328243	0.0	0.0	0.0	0.0	1000.0	0.0	0.0	1.4465239	0.4152942	2.812444	0.36861673	0.001968982	0.006800081	0.07242797	-0.10899721	-1.8626451e-09	-0.041118786	4.274625e-11	-2.781544e-05	0.12663805	-0.07963811	5.0859864e-05	-1.1540031e-05	0	0	37.0	0.9822911	0.012445783	200000	190.63507199287415
