Epoch	AverageEpRet	StdEpRet	MaxEpRet	MinEpRet	AverageEpCost	StdEpCost	MaxEpCost	MinEpCost	EpLen	CumulativeCost	CostRate	AverageVVals	StdVVals	MaxVVals	MinVVals	AverageCostVVals	StdCostVVals	MaxCostVVals	MinCostVVals	LossPi	DeltaLossPi	SurrCost	DeltaSurrCost	LossV	DeltaLossV	LossVC	DeltaLossVC	Penalty	DeltaPenalty	StopIter	Entropy	KL	TotalEnvInteracts	Time
0	1.503028	1.7331661	3.7412019	-0.4813507	47.666668	8.37987	59.0	39.0	1000.0	143.0	0.04766666666666667	0.61598885	0.5399657	1.8889041	-1.0348885	-0.44883347	0.12598073	0.0064354837	-0.76722455	-4.5935312e-08	0.03841144	8.730094e-08	0.003090858	0.755409	-0.6825541	38.75577	-24.127123	0	0	1.0	1.837877	0.0627825	3000	12.484256267547607
1	0.20830822	1.4372829	1.9405993	-1.5787331	32.666668	35.49022	82.0	0.0	1000.0	241.0	0.04016666666666667	0.13919528	0.3904897	1.1131966	-0.75095886	4.4766426	1.6270927	9.061398	0.93889976	2.749761e-08	0.022952512	1.525879e-08	0.0042469315	0.09599792	-0.05436012	28.955229	-11.535997	0	0	1.0	1.837225	0.042887583	6000	22.66374397277832
2	1.2730569	0.4544078	1.8073053	0.6966373	151.66667	33.20977	184.0	106.0	1000.0	696.0	0.07733333333333334	0.115428	0.33031943	1.0112085	-0.70409745	6.281296	3.5298636	14.613872	-2.7342837	2.193451e-08	0.032704752	-5.9048336e-08	-0.044910483	0.056883086	-0.03996753	143.4561	-92.540115	0	0	1.0	1.8370991	0.050193325	9000	33.89448118209839
3	2.752262	1.8910421	4.5099487	0.12786344	38.0	17.20465	60.0	18.0	1000.0	810.0	0.0675	0.15232131	0.35604545	1.2779748	-0.61724967	11.291814	6.219128	24.226389	-6.0969176	-1.2079875e-08	-0.022647094	-1.1698405e-07	-0.021785708	0.0883072	-0.046268053	103.83823	-76.7157	0	0	55.0	1.8371384	0.010767522	12000	46.00717830657959
4	-1.845318	0.10386681	-1.698514	-1.9230671	63.333332	52.68987	129.0	0.0	1000.0	1000.0	0.06666666666666667	0.04732898	0.31349692	0.85470283	-0.7254519	2.0426104	2.6539764	11.575044	-2.7748969	1.2556712e-08	-0.023434654	-1.0283788e-07	-0.004810946	0.08877176	-0.06481002	55.90739	-34.439255	0	0	63.0	1.8394656	0.011428046	15000	58.54111409187317
5	-0.050587654	0.7220066	0.5741471	-1.0623978	46.0	38.40139	94.0	0.0	1000.0	1138.0	0.06322222222222222	-0.058203876	0.44457284	1.0194448	-1.2234074	7.7540326	6.3930693	21.816597	-2.422821	-1.0808309e-08	-0.009519577	7.120768e-08	-0.001947148	0.065075316	-0.050097264	33.996674	-16.005283	0	0	11.0	1.8192065	0.0058086966	18000	70.0143210887909
6	-0.452818	1.0476519	0.9740264	-1.5118527	56.0	41.21488	98.0	0.0	1000.0	1306.0	0.06219047619047619	-0.014431072	0.3111334	0.7435355	-0.9946971	7.3577886	4.9791064	22.665247	-1.705201	-2.984206e-08	-0.0055691116	-6.548564e-08	0.0033683751	0.10636067	-0.067688465	30.883057	-17.366808	0	0	6.0	1.8138155	0.0026800563	21000	80.99991607666016
7	3.7245467	1.9848077	6.2544513	1.4065605	102.666664	14.055446	115.0	83.0	1000.0	1614.0	0.06725	0.051533345	0.37800887	1.0286483	-1.015152	9.386594	3.3311074	20.341791	0.8516784	-1.001358e-08	-0.0013080317	7.009506e-08	0.0051370426	0.36104056	-0.24654314	32.507763	-12.222023	0	0	1.0	1.812228	0.0011405243	24000	91.73487520217896
8	2.4962227	2.7078173	5.0002794	-1.2649264	70.666664	28.170116	105.0	36.0	1000.0	1826.0	0.06762962962962962	0.51634103	0.52265763	2.1182318	-0.8149354	8.807269	4.800316	21.12414	0.18071885	-2.892812e-08	-0.0031581766	1.1014939e-07	0.0034985084	0.17705409	-0.13748442	22.867609	-11.419021	0	0	1.0	1.8121579	0.004325948	27000	102.41079711914062
9	1.7397567	1.4053277	2.9758525	-0.22605583	88.666664	85.846115	207.0	6.0	1000.0	2092.0	0.06973333333333333	0.37979984	0.58639085	1.6503963	-0.8973311	11.499479	4.278927	23.32999	2.52752	-1.859665e-08	-0.026522025	1.780192e-08	-0.0044355327	0.1621025	-0.06948683	97.53352	-57.54174	0	0	64.0	1.8121362	0.011153677	30000	114.67232728004456
10	2.2209718	3.2310176	5.9587145	-1.9241182	49.333332	45.61676	110.0	0.0	1000.0	2240.0	0.06787878787878789	0.27191368	0.42615235	1.9136103	-0.72520846	5.5229187	6.887139	35.74311	-5.1934204	6.3578287e-10	-0.004291362	3.385544e-08	0.0012975093	0.20771374	-0.14231683	40.003788	-22.589832	0	0	2.0	1.782794	0.0030713014	33000	125.46500706672668
11	7.0401363	4.393321	13.198817	3.2502346	149.66667	26.549744	185.0	121.0	1000.0	2689.0	0.07469444444444444	1.0273211	0.81194174	3.0304263	-0.6441109	8.606661	5.143993	35.332516	0.18511027	-1.4146169e-08	-0.002914431	1.5640259e-07	-0.00073759205	0.9041982	-0.6255406	93.01351	-59.608788	0	0	3.0	1.7818236	0.005862649	36000	136.09925508499146
12	8.222132	6.150587	16.690025	2.2660735	138.33333	57.817722	205.0	64.0	1000.0	3104.0	0.07958974358974359	0.97743773	0.6386662	3.0763853	-0.870111	15.787443	4.554759	28.186954	7.6287622	-5.722046e-09	-0.0012878262	1.3415018e-07	0.0060759857	0.56783575	-0.3649849	57.171135	-25.286942	0	0	1.0	1.7811482	0.0016550331	39000	146.59198999404907
13	1.418374	2.6046164	4.8638763	-1.432396	99.666664	64.26161	188.0	37.0	1000.0	3403.0	0.08102380952380953	0.9766009	0.7432071	2.8535216	-1.219795	12.944471	6.4815254	29.771152	3.5396347	-1.2079875e-07	-0.002903539	6.453196e-08	0.00076958654	1.0671737	-1.0239778	67.45156	-42.698006	0	0	1.0	1.780729	0.0039057871	42000	157.06262612342834
14	4.2822585	3.0206516	8.371567	1.1677113	94.666664	16.679995	118.0	80.0	1000.0	3687.0	0.08193333333333333	0.41684583	0.34493157	1.6701256	-0.463883	15.878128	4.88398	26.931023	0.6463887	1.1761983e-08	-0.0026884626	-9.473165e-08	-0.009730303	0.27005598	-0.17053702	74.68602	-50.40742	0	0	1.0	1.780103	0.0054831747	45000	167.48281121253967
15	2.676712	2.4181302	5.5723996	-0.34665552	117.333336	34.586445	148.0	69.0	1000.0	4039.0	0.08414583333333334	0.021348774	0.64690226	2.5236075	-1.5466721	9.38515	6.074325	26.798573	-0.83176434	-1.4225642e-08	-0.001635288	1.0299683e-07	-0.0022979674	0.3107211	-0.21920253	47.905605	-24.894016	0	0	1.0	1.7794769	0.0027116074	48000	177.70790600776672
16	3.9676445	3.6974611	8.350109	-0.6938778	145.66667	51.87378	208.0	81.0	1000.0	4476.0	0.08776470588235294	0.37440503	0.40352967	1.7156215	-0.680133	14.859034	6.5917897	31.69543	-1.2369671	1.8437703e-08	-0.002352278	8.932749e-08	-0.00037494532	0.2190051	-0.16580307	69.64434	-32.94797	0	0	1.0	1.7789454	0.004010159	51000	188.1157350540161
17	2.9161417	0.96717066	4.2365966	1.947	125.666664	35.036488	175.0	97.0	1000.0	4853.0	0.08987037037037036	0.5203612	0.6241877	2.103458	-0.87382436	13.677003	7.05601	34.08743	2.3306203	2.559026e-08	-0.0025861913	3.9418538e-08	-0.009928024	0.2180618	-0.15398425	64.922295	-40.825264	0	0	1.0	1.7783704	0.0016073767	54000	198.58962297439575
18	8.2073145	3.2662156	12.658066	4.9117255	115.0	31.016125	144.0	72.0	1000.0	5198.0	0.09119298245614035	0.49205962	0.48431918	1.9787556	-0.7054546	9.698687	6.036065	36.417065	-4.8876514	-3.751119e-08	-0.022808244	1.6403199e-07	-0.027657278	0.4052854	-0.24451762	76.77125	-58.51683	0	0	35.0	1.7778503	0.011962331	57000	209.94105410575867
19	8.058467	0.5774785	8.872887	7.5986943	77.666664	26.662498	112.0	47.0	1000.0	5431.0	0.09051666666666666	0.9286408	0.49639487	2.0521722	-0.46159783	10.327412	4.0212903	23.255836	3.3568292	2.2649765e-08	-0.022532957	1.5385946e-07	0.034179524	0.24799268	-0.12979186	50.63949	-35.793278	0	0	40.0	1.7608759	0.011977385	60000	221.2176742553711
20	0.46965095	0.6863591	1.3825761	-0.27239695	176.33333	7.0395703	184.0	167.0	1000.0	5960.0	0.0946031746031746	0.50233763	0.46325937	1.5237923	-0.741779	15.993464	6.6922994	34.640945	0.90309143	8.106232e-09	-0.013774068	5.9127807e-08	0.009377647	0.23717158	-0.19316204	68.669044	-36.281128	0	0	13.0	1.7493944	0.011252009	63000	231.89457511901855
21	6.336698	2.0877929	9.156363	4.16829	114.666664	21.545818	145.0	97.0	1000.0	6304.0	0.09551515151515151	0.33070642	0.39591137	1.1185533	-0.9509652	12.52676	9.045227	35.09521	-10.875992	7.78834e-08	-0.026280783	-1.9900004e-07	0.029969016	0.24759355	-0.14970385	68.93418	-49.04709	0	0	53.0	1.7450516	0.011655862	66000	243.4364972114563
22	4.9319797	2.7779474	8.790646	2.3634973	104.333336	33.038696	151.0	79.0	1000.0	6617.0	0.09589855072463768	0.6378029	0.47045636	1.6653434	-0.68970704	9.537226	5.3153186	27.69989	1.1059552	4.164378e-08	-0.0072062924	1.1444092e-08	0.019772995	0.13564606	-0.068982564	34.885517	-24.118715	0	0	6.0	1.7423428	0.0054166224	69000	253.91747307777405
23	9.136727	3.804739	12.956763	3.9450102	133.33333	35.780193	182.0	97.0	1000.0	7017.0	0.09745833333333333	0.6843379	0.5933752	2.0169904	-0.7173974	12.351452	7.2322917	32.95312	-3.2613173	1.6530354e-08	-0.002287248	-4.8955282e-08	-0.008521125	0.38732162	-0.24140143	60.5415	-40.944847	0	0	1.0	1.7407606	0.0024761616	72000	264.2493681907654
24	9.748292	2.5394437	12.464966	6.355767	113.333336	33.089108	160.0	87.0	1000.0	7357.0	0.09809333333333334	1.0612245	0.61615396	2.8339388	-0.43810087	15.4064865	6.048048	38.379246	3.515173	-5.4041545e-09	-0.0024538925	1.8326442e-07	-0.019854547	0.22356208	-0.16492364	60.44481	-42.445564	0	0	3.0	1.7407039	0.006596184	75000	274.7553770542145
25	7.9445267	1.4630473	9.383569	5.937516	88.0	13.9523	106.0	72.0	1000.0	7621.0	0.09770512820512821	0.89670247	0.5696243	2.1395032	-0.61219555	12.472849	4.470112	31.569775	4.2030764	-2.336502e-08	-0.006557401	-6.437302e-08	0.007966681	0.3118092	-0.2234104	49.58769	-36.31965	0	0	1.0	1.7403297	0.006041844	78000	285.1399312019348
26	7.938675	1.7358867	10.384002	6.5282984	105.333336	15.96524	127.0	89.0	1000.0	7937.0	0.09798765432098766	0.9008314	0.77882206	3.9109514	-0.81063706	9.405151	5.8090944	32.38683	0.36244655	7.629395e-09	-0.0067555485	3.1789146e-08	-0.0059381416	0.39133084	-0.3115104	34.46585	-22.853539	0	0	1.0	1.7397904	0.006122238	81000	295.5129041671753
27	6.5440764	1.1761988	8.073662	5.2132077	160.0	17.66352	184.0	142.0	1000.0	8417.0	0.10020238095238095	0.7914074	0.6089391	2.5279796	-0.5209443	11.829319	5.441614	26.234201	2.20274	-4.2120614e-09	-0.0033964408	4.8955282e-08	0.011584653	0.31457672	-0.23662195	81.27675	-49.3773	0	0	1.0	1.7392886	0.008329256	84000	305.92622923851013
28	10.112718	3.5635695	14.154995	5.485138	79.333336	20.85399	108.0	59.0	1000.0	8655.0	0.09948275862068966	0.90218365	0.5183703	2.0566635	-0.8308544	12.936799	5.8807716	36.70021	3.6670215	-5.8809917e-09	-0.0023318822	-3.973643e-08	-0.008260067	0.470689	-0.384062	57.465557	-46.357616	0	0	1.0	1.7387495	0.0018811253	87000	316.27907133102417
29	8.171765	3.0809944	12.1977	4.7156496	88.666664	19.189117	112.0	65.0	1000.0	8921.0	0.09912222222222222	0.9771831	0.669002	2.9531956	-0.792495	8.0133505	3.1925383	17.501978	0.5091289	3.8146974e-09	-0.0026200197	3.8146972e-08	0.0016002561	0.26741505	-0.21061413	28.8607	-16.496391	0	0	1.0	1.7382396	0.0016219917	90000	326.74598813056946
30	7.7057776	3.0604665	10.918005	3.5875168	100.0	30.50683	134.0	60.0	1000.0	9221.0	0.0991505376344086	0.95296484	0.48471576	2.1705914	-0.4782893	9.417971	4.3862276	28.161066	-0.43344653	4.8001606e-08	-0.0025923178	-1.6466777e-07	0.0041285185	0.22468038	-0.16676557	56.832546	-35.59763	0	0	1.0	1.7377486	0.004481591	93000	337.23736810684204
31	7.5341554	1.6681008	9.29952	5.296314	104.0	3.5590262	107.0	99.0	1000.0	9533.0	0.09930208333333333	0.9738206	0.6186479	2.5388553	-0.2521259	10.610927	5.032183	30.721788	1.3448775	-1.637141e-08	-0.0015598024	1.3573964e-07	-0.0128581375	0.2806438	-0.18675795	30.44163	-19.829557	0	0	1.0	1.7371306	0.0035047412	96000	347.4704430103302
32	10.111918	2.136741	13.081415	8.142344	84.666664	43.65267	143.0	38.0	1000.0	9787.0	0.09885858585858585	0.91810644	0.55552685	2.331021	-0.8745864	10.6119795	3.2152407	20.634583	3.6135461	1.4702479e-09	-0.0034671403	-1.4003118e-07	0.0028041147	0.3919081	-0.2503085	38.64283	-26.935007	0	0	1.0	1.736583	0.0022720287	99000	358.47882103919983
